
DETTBR = [
    1    1    1    1    1    1    1    1    1    1  1.69719E-04 0.00000
];
