
DETTBR = [
    1    1    1    1    1    1    1    1    1    1  5.49699E-08 0.68706
];
